8
8
5
8
8
5
8
8
5
8
8
5
8
8
5
8
8
5
8
8
5
8
8
5
8
8
5
8
8
5
8
8
5
8
8
5
8
8
5
8
8
5
8
8
5
8
8
5
8
8
5
8
8
5
8
8
5
8
8
5
8
8
5
8
8
5
8
8
5
8
8
5
8
8
5
8
8
5
8
8
5
8
8
5
8
8
5
8
8
5
8
8
8
8
5
8
8
8
8
5
8
8
8
8
5
8
8
8
8
5
8
8
8
8
5
8
8
8
8
5
8
8
8
8
5
8
8
8
8
5
8
8
8
8
5
8
8
8
8
5
8
8
8
8
5
8
7
6
6
7
7
6
6
7
7
6
6
7
7
6
10
11
11
6
8
8
5
6
8
8
5
11
7
8
8
5
7
8
8
5
6
8
8
5
6
8
8
5
11
8
5
7
5
6
5
6
5
10
7
5
7
5
8
8
8
8
5
9
5
5
8
5
8
5
6
8
8
6
8
8
5
8
5
8
8
5
5
8
8
5
8
5
8
8
5
5
8
8
5
8
5
8
8
5
5
8
8
6
8
8
8
2
5
8
6
11
8
8
5
5
5
4
8
7
11
12
6
5
7
5
8
4
5
6
5
5
7
6
5
4
11
3
4
7
3
7
5
4
6
6
5
3
5
8
8
4
5
8
5
8
8
8
8
5
8
8
5
8
5
8
8
5
8
5
8
8
5
8
5
8
8
5
8
5
8
8
5
8
8
8
5
8
8
5
8
8
8
5
8
14
5
8
6
8
5
8
6
5
8
6
15
5
8
4
6
6
6
14
7
3
6
4
6
3
6
5
6
5
6
5
7
7
5
6
6
6
6
5
5
5
5
5
3
3
3
3
3
4
3
3
3
5
6
6
5
7
7
5
6
6
