8
8
6
7
7
8
7
8
8
10
6
8
7
4
4
9
7
8
4
8
7
5
9
8
7
7
8
7
8
8
8
8
8
8
8
8
8
9
8
7
8
8
7
9
7
7
8
9
6
6
8
7
9
8
7
7
8
8
8
7
8
8
8
9
9
8
8
6
9
9
9
6
7
9
7
8
7
8
7
7
8
8
8
8
7
7
8
4
7
7
9
4
8
7
8
7
9
8
8
8
8
8
8
7
7
9
4
8
8
7
7
5
9
6
6
7
8
5
9
7
7
6
8
7
9
8
6
8
7
10
7
8
7
7
8
8
7
5
8
5
6
6
9
6
6
4
8
6
8
6
7
4
8
8
7
8
9
7
9
7
8
8
7
7
7
8
8
9
4
6
8
9
7
8
7
9
8
8
9
8
8
7
8
8
8
7
7
5
7
7
8
3
8
9
8
8
6
7
8
8
8
8
4
7
9
7
7
10
9
8
5
9
7
4
7
7
8
7
7
9
6
7
9
4
5
5
8
9
8
8
7
8
7
8
5
9
8
8
7
6
10
9
9
6
8
7
9
9
8
8
8
7
8
7
8
6
8
7
7
10
7
6
7
7
6
8
7
7
8
5
9
6
8
8
7
8
7
8
5
5
7
3
6
9
7
8
9
8
8
9
6
9
8
9
8
8
7
10
8
9
9
8
8
7
8
9
9
8
8
7
8
8
8
8
8
6
9
8
8
9
9
8
7
8
7
8
8
7
7
8
8
8
8
8
9
8
8
8
7
8
7
9
7
8
8
7
8
7
8
7
6
4
3
6
7
8
8
7
8
8
9
5
4
8
9
5
7
3
2
4
5
5
9
3
5
8
4
7
7
8
8
7
8
7
9
8
7
7
7
8
8
8
8
5
9
5
8
7
7
7
